RefAA	A	R	N	D	C	E	Q	G	H	I	L	K	M	F	P	S	T	W	Y	V	average
M	-2.6	-0.15	-1.1	0.87	0.64	0.31	-1.1	0.07	-0.15	-3.21	-3.21	-0.15		-1.97	-0.83	-1.1	-2.0	-1.36	-1.97	-3.21	-1.17
D	-0.23	-1.75	-2.36		-0.29	-3.12	-1.75	-1.75	-1.75	0.34	0.34	-0.85	0.34	1.3	-0.85	-1.75	-1.75	1.3	1.3	0.34	-0.68
C	-0.29	0.35	-1.17	0.13		0.13	-0.6	1.38	0.35	-0.29	-0.29	0.35	-0.29	1.57	1.38	-1.17	-1.17	1.57	1.57	-0.29	0.17
E	-0.23	-1.75	-2.36	-3.12	-0.29		-2.36	-1.75	-2.36	-0.23	-0.23	-1.75	-0.23	0.73	-1.75	-1.75	-1.75	1.3	0.73	-0.23	-1.02
V	-2.6	-0.15	-1.1	0.87	0.64	0.31	-2.0	0.07	-0.15	-3.21	-3.21	-0.15	-3.21	-1.97	-0.83	-1.1	-2.0	-1.36	-1.36		-1.18
N	-1.72	-1.75		-2.87	-0.85	-2.87	-3.36	-1.75	-1.75	-1.72	-1.15	-1.75	-1.72	0.24	-1.75	-3.36	-2.75	0.24	-0.32	-1.72	-1.72
N	-1.72	-1.75		-2.87	-0.85	-2.87	-3.36	-1.75	-1.75	-1.72	-1.15	-1.75	-1.72	0.24	-1.75	-3.36	-2.75	0.24	-0.32	-1.72	-1.72
G	0.04	1.57	-0.27	0.46	3.17	0.46	-0.27		0.67	0.94	0.94	1.57	0.94	3.37	1.1	-0.27	-0.27	3.37	2.8	0.94	1.12
S	1.96	3.72	1.22	2.31	3.72	2.31	1.83	2.82	2.82	2.86	2.86	3.72	2.86	4.82	2.82		1.83	4.82	4.25	2.86	2.97
S	1.96	3.72	1.22	2.31	3.72	2.31	1.83	2.82	2.82	2.86	2.86	3.72	2.86	4.82	2.82		1.83	4.82	4.25	2.86	2.97
L	3.55	6.89	5.61	7.02	6.78	6.45	5.04	6.22	5.99	2.94		6.89	2.94	4.17	5.32	5.04	4.14	4.79	4.17	2.94	5.1
R	6.04		3.92	4.39	6.32	4.39	3.3	5.76	3.01	5.14	6.04	3.01	5.14	4.39	5.76	4.81	3.92	5.29	4.39	5.14	4.75
D	6.84	5.32	4.71		6.78	3.95	5.32	5.32	5.32	7.41	7.41	6.22	7.41	8.37	6.22	5.32	5.32	8.37	8.37	7.41	6.39
E	6.84	5.32	4.71	3.95	6.78		4.71	5.32	4.71	6.84	6.84	5.32	6.84	7.8	5.32	5.32	5.32	8.37	7.8	6.84	6.05
C	5.86	6.49	4.98	6.28		6.28	5.54	7.53	6.49	5.86	5.86	6.49	5.86	7.72	7.53	4.98	4.98	7.72	7.72	5.86	6.32
I	4.75	7.2	6.25	8.22	7.99	7.66	6.25	7.42	7.2		4.14	8.1	4.14	5.38	6.52	6.25	5.35	5.99	5.38	4.14	6.23
T	4.73	5.6	4.6	5.09	6.5	5.09	3.99	5.6	4.99	4.73	4.73	5.6	4.73	7.03	4.99	4.6		7.03	6.13	4.73	5.29
N	5.63	5.6		4.48	6.5	4.48	3.99	5.6	5.6	5.63	6.2	5.6	5.63	7.59	5.6	3.99	4.6	7.59	7.03	5.63	5.63
L	4.75	8.1	6.82	8.22	7.99	7.66	6.25	7.42	7.2	4.14		8.1	4.14	5.38	6.52	6.25	5.35	5.99	5.38	4.14	6.31
L	4.75	8.1	6.82	8.22	7.99	7.66	6.25	7.42	7.2	4.14		8.1	4.14	5.38	6.52	6.25	5.35	5.99	5.38	4.14	6.31
V	4.75	7.2	6.25	8.22	7.99	7.66	5.35	7.42	7.2	4.14	4.14	7.2	4.14	5.38	6.52	6.25	5.35	5.99	5.99		6.17
F	6.5	6.5	8.48	8.95	8.43	8.38	7.91	8.43	6.5	4.99	4.99	7.4	4.99		7.86	8.48	7.91	4.99	4.99	4.99	6.93
G	5.6	7.13	5.28	6.02	8.73	6.02	5.28		6.23	6.5	6.5	7.13	6.5	8.92	6.65	5.28	5.28	8.92	8.36	6.5	6.68
F	4.43	4.43	6.41	6.88	6.36	6.31	5.84	6.36	4.43	2.92	2.92	5.33	2.92		5.79	6.41	5.84	2.92	2.92	2.92	4.86
L	4.75	8.1	6.82	8.22	7.99	7.66	6.25	7.42	7.2	4.14		8.1	4.14	5.38	6.52	6.25	5.35	5.99	5.38	4.14	6.31
Q	4.73	4.99	3.99	5.09	7.06	4.48		5.6	4.99	5.63	5.63	5.6	5.63	7.03	5.6	4.6	3.99	7.03	6.13	4.73	5.4
S	3.53	5.29	2.79	3.88	5.29	3.88	3.4	4.39	4.39	4.42	4.42	5.29	4.42	6.39	4.39		3.4	6.39	5.82	4.42	4.54
C	5.76	6.39	4.87	6.17		6.17	5.44	7.42	6.39	5.76	5.76	6.39	5.76	7.61	7.42	4.87	4.87	7.61	7.61	5.76	6.21
S	0.36	2.12	-0.38	0.71	2.12	0.71	0.23	1.23	1.23	1.26	1.26	2.12	1.26	3.22	1.23		0.23	3.22	2.65	1.26	1.37
D	3.67	2.15	1.54		3.62	0.78	2.15	2.15	2.15	4.24	4.24	3.05	4.24	5.2	3.05	2.15	2.15	5.2	5.2	4.24	3.22
N	1.54	1.5		0.38	2.4	0.38	-0.1	1.5	1.5	1.54	2.1	1.5	1.54	3.5	1.5	-0.1	0.51	3.5	2.93	1.54	1.53
S	0.64	2.4	-0.1	0.99	2.4	0.99	0.51	1.5	1.5	1.54	1.54	2.4	1.54	3.5	1.5		0.51	3.5	2.93	1.54	1.65
F	3.31	3.32	5.3	5.76	5.24	5.2	4.73	5.24	3.32	1.8	1.8	4.21	1.8		4.67	5.3	4.73	1.8	1.8	1.8	3.74
R	6.04		3.92	4.39	6.32	4.39	3.3	5.76	3.01	5.14	6.04	3.01	5.14	4.39	5.76	4.81	3.92	5.29	4.39	5.14	4.75
R	6.04		3.92	4.39	6.32	4.39	3.3	5.76	3.01	5.14	6.04	3.01	5.14	4.39	5.76	4.81	3.92	5.29	4.39	5.14	4.75
E	5.92	4.39	3.78	3.03	5.86		3.78	4.39	3.78	5.92	5.92	4.39	5.92	6.88	4.39	4.39	4.39	7.44	6.88	5.92	5.12
L	4.75	8.1	6.82	8.22	7.99	7.66	6.25	7.42	7.2	4.14		8.1	4.14	5.38	6.52	6.25	5.35	5.99	5.38	4.14	6.31
D	5.92	4.39	3.78		5.86	3.03	4.39	4.39	4.39	6.49	6.49	5.29	6.49	7.44	5.29	4.39	4.39	7.44	7.44	6.49	5.46
A		6.89	5.04	6.45	6.78	6.45	4.14	5.32	5.99	3.55	3.55	6.89	3.55	5.68	4.71	4.14	4.14	5.68	5.68	3.55	5.17
L	3.55	6.89	5.61	7.02	6.78	6.45	5.04	6.22	5.99	2.94		6.89	2.94	4.17	5.32	5.04	4.14	4.79	4.17	2.94	5.1
G	4.39	5.92	4.08	4.81	7.53	4.81	4.08		5.02	5.29	5.29	5.92	5.29	7.72	5.45	4.08	4.08	7.72	7.15	5.29	5.47
H	5.14	3.01	3.92	4.39	6.32	3.78	3.3	4.86		5.14	5.14	3.01	5.14	4.39	4.86	3.92	3.3	5.29	4.39	5.14	4.44
E	6.84	5.32	4.71	3.95	6.78		4.71	5.32	4.71	6.84	6.84	5.32	6.84	7.8	5.32	5.32	5.32	8.37	7.8	6.84	6.05
L	3.64	6.98	5.7	7.11	6.87	6.54	5.13	6.3	6.08	3.03		6.98	3.03	4.26	5.41	5.13	4.23	4.87	4.26	3.03	5.19
P	0.89	3.03	1.19	2.82	4.64	1.92	1.19	2.56	2.14	1.5	1.5	3.03	1.5	4.26		1.19	0.58	4.26	4.26	1.5	2.31
V	0.66	3.1	2.15	4.13	3.89	3.56	1.26	3.33	3.1	0.05	0.05	3.1	0.05	1.29	2.43	2.15	1.26	1.9	1.9		2.07
L	-2.6	0.75	-0.53	0.87	0.64	0.31	-1.1	0.07	-0.15	-3.21		0.75	-3.21	-1.97	-0.83	-1.1	-2.0	-1.36	-1.97	-3.21	-1.04
A		0.75	-1.1	0.31	0.64	0.31	-2.0	-0.83	-0.15	-2.6	-2.6	0.75	-2.6	-0.46	-1.44	-2.0	-2.0	-0.46	-0.46	-2.6	-0.98
P	-0.48	1.66	-0.19	1.45	3.26	0.55	-0.19	1.18	0.76	0.13	0.13	1.66	0.13	2.89		-0.19	-0.8	2.89	2.89	0.13	0.94
Q	-2.62	-2.36	-3.36	-2.26	-0.29	-2.87		-1.75	-2.36	-1.72	-1.72	-1.75	-1.72	-0.32	-1.75	-2.75	-3.36	-0.32	-1.22	-2.62	-1.95
W	-0.85	0.05	1.13	1.6	1.08	1.6	0.57	1.08	0.05	-1.75	-1.75	0.05	-1.75	-2.36	0.51	1.13	0.57		-2.36	-1.75	-0.17
E	-0.23	-1.75	-2.36	-3.12	-0.29		-2.36	-1.75	-2.36	-0.23	-0.23	-1.75	-0.23	0.73	-1.75	-1.75	-1.75	1.3	0.73	-0.23	-1.02
G	-1.75	-0.22	-2.07	-1.33	1.38	-1.33	-2.07		-1.12	-0.85	-0.85	-0.22	-0.85	1.57	-0.7	-2.07	-2.07	1.57	1.01	-0.85	-0.67
Y	-0.85	-0.85	0.57	1.6	1.08	1.03	-0.33	0.51	-0.85	-2.36	-2.36	-0.85	-2.36	-2.36	0.51	0.57	-0.33	-2.36		-1.75	-0.62
D	1.65	0.13	-0.48		1.59	-1.24	0.13	0.13	0.13	2.22	2.22	1.03	2.22	3.18	1.03	0.13	0.13	3.18	3.18	2.22	1.2
E	-0.23	-1.75	-2.36	-3.12	-0.29		-2.36	-1.75	-2.36	-0.23	-0.23	-1.75	-0.23	0.73	-1.75	-1.75	-1.75	1.3	0.73	-0.23	-1.02
L	-1.03	2.31	1.03	2.44	2.21	1.88	0.47	1.64	1.42	-1.64		2.31	-1.64	-0.4	0.74	0.47	-0.43	0.21	-0.4	-1.64	0.52
Q	-1.05	-0.79	-1.79	-0.69	1.28	-1.3		-0.18	-0.79	-0.15	-0.15	-0.18	-0.15	1.25	-0.18	-1.18	-1.79	1.25	0.35	-1.05	-0.38
T	-2.62	-1.75	-2.75	-2.26	-0.85	-2.26	-3.36	-1.75	-2.36	-2.62	-2.62	-1.75	-2.62	-0.32	-2.36	-2.75		-0.32	-1.22	-2.62	-2.06
D	2.41	0.89	0.28		2.36	-0.48	0.89	0.89	0.89	2.98	2.98	1.79	2.98	3.94	1.79	0.89	0.89	3.94	3.94	2.98	1.96
G	2.46	3.99	2.14	2.88	5.59	2.88	2.14		3.09	3.36	3.36	3.99	3.36	5.78	3.51	2.14	2.14	5.78	5.22	3.36	3.54
N	-0.15	-0.18		-1.3	0.72	-1.3	-1.79	-0.18	-0.18	-0.15	0.42	-0.18	-0.15	1.81	-0.18	-1.79	-1.18	1.81	1.25	-0.15	-0.15
R	2.39		0.26	0.74	2.67	0.74	-0.35	2.1	-0.65	1.49	2.39	-0.65	1.49	0.74	2.1	1.16	0.26	1.64	0.74	1.49	1.09
S	-2.62	-0.85	-3.36	-2.26	-0.85	-2.26	-2.75	-1.75	-1.75	-1.72	-1.72	-0.85	-1.72	0.24	-1.75		-2.75	0.24	-0.32	-1.72	-1.61
S	-2.62	-0.85	-3.36	-2.26	-0.85	-2.26	-2.75	-1.75	-1.75	-1.72	-1.72	-0.85	-1.72	0.24	-1.75		-2.75	0.24	-0.32	-1.72	-1.61
H	-1.0	-3.14	-2.23	-1.75	0.18	-2.36	-2.84	-1.29		-1.0	-1.0	-3.14	-1.0	-1.75	-1.29	-2.23	-2.84	-0.85	-1.75	-1.0	-1.7
S	-2.62	-0.85	-3.36	-2.26	-0.85	-2.26	-2.75	-1.75	-1.75	-1.72	-1.72	-0.85	-1.72	0.24	-1.75		-2.75	0.24	-0.32	-1.72	-1.61
R	1.31		-0.82	-0.34	1.59	-0.34	-1.43	1.02	-1.73	0.41	1.31	-1.73	0.41	-0.34	1.02	0.08	-0.82	0.56	-0.34	0.41	0.01
L	-2.6	0.75	-0.53	0.87	0.64	0.31	-1.1	0.07	-0.15	-3.21		0.75	-3.21	-1.97	-0.83	-1.1	-2.0	-1.36	-1.97	-3.21	-1.04
G	-1.75	-0.22	-2.07	-1.33	1.38	-1.33	-2.07		-1.12	-0.85	-0.85	-0.22	-0.85	1.57	-0.7	-2.07	-2.07	1.57	1.01	-0.85	-0.67
R	-0.1		-2.23	-1.75	0.18	-1.75	-2.84	-0.39	-3.14	-1.0	-0.1	-3.14	-1.0	-1.75	-0.39	-1.33	-2.23	-0.85	-1.75	-1.0	-1.4
I	-1.19	1.26	0.31	2.28	2.05	1.72	0.31	1.48	1.26		-1.8	2.15	-1.8	-0.56	0.58	0.31	-0.59	0.05	-0.56	-1.8	0.29
E	1.18	-0.34	-0.95	-1.71	1.12		-0.95	-0.34	-0.95	1.18	1.18	-0.34	1.18	2.14	-0.34	-0.34	-0.34	2.71	2.14	1.18	0.39
A		2.63	0.78	2.19	2.52	2.19	-0.12	1.05	1.73	-0.72	-0.72	2.63	-0.72	1.42	0.44	-0.12	-0.12	1.42	1.42	-0.72	0.9
D	2.41	0.89	0.28		2.36	-0.48	0.89	0.89	0.89	2.98	2.98	1.79	2.98	3.94	1.79	0.89	0.89	3.94	3.94	2.98	1.96
S	2.81	4.57	2.07	3.16	4.57	3.16	2.68	3.67	3.67	3.71	3.71	4.57	3.71	5.67	3.67		2.68	5.67	5.1	3.71	3.82
E	4.13	2.6	1.99	1.24	4.07		1.99	2.6	1.99	4.13	4.13	2.6	4.13	5.09	2.6	2.6	2.6	5.65	5.09	4.13	3.33
S	1.73	3.5	1.0	2.09	3.5	2.09	1.61	2.6	2.6	2.63	2.63	3.5	2.63	4.6	2.6		1.61	4.6	4.03	2.63	2.75
Q	7.49	7.74	6.75	7.84	9.82	7.23		8.35	7.74	8.38	8.38	8.35	8.38	9.78	8.35	7.36	6.75	9.78	8.88	7.49	8.15
E	7.94	6.41	5.8	5.05	7.88		5.8	6.41	5.8	7.94	7.94	6.41	7.94	8.9	6.41	6.41	6.41	9.47	8.9	7.94	7.15
D	6.84	5.32	4.71		6.78	3.95	5.32	5.32	5.32	7.41	7.41	6.22	7.41	8.37	6.22	5.32	5.32	8.37	8.37	7.41	6.39
I	3.55	5.99	5.04	7.02	6.78	6.45	5.04	6.22	5.99		2.94	6.89	2.94	4.17	5.32	5.04	4.14	4.79	4.17	2.94	5.02
I	6.69	9.14	8.19	10.16	9.93	9.59	8.19	9.36	9.14		6.08	10.03	6.08	7.32	8.46	8.19	7.29	7.93	7.32	6.08	8.17
R	14.65		12.52	13.0	14.93	13.0	11.91	14.36	11.61	13.75	14.65	11.61	13.75	13.0	14.36	13.42	12.52	13.9	13.0	13.75	13.35
N	7.65	7.62		6.5	8.52	6.5	6.01	7.62	7.62	7.65	8.22	7.62	7.65	9.62	7.62	6.01	6.62	9.62	9.05	7.65	7.65
I	6.69	9.14	8.19	10.16	9.93	9.59	8.19	9.36	9.14		6.08	10.03	6.08	7.32	8.46	8.19	7.29	7.93	7.32	6.08	8.17
A		7.96	6.12	7.52	7.86	7.52	5.22	6.39	7.06	4.62	4.62	7.96	4.62	6.76	5.78	5.22	5.22	6.76	6.76	4.62	6.24
R	11.79		9.66	10.14	12.07	10.14	9.05	11.5	8.75	10.89	11.79	8.75	10.89	10.14	11.5	10.56	9.66	11.04	10.14	10.89	10.49
H	8.29	6.15	7.06	7.54	9.47	6.93	6.45	8.0		8.29	8.29	6.15	8.29	7.54	8.0	7.06	6.45	8.43	7.54	8.29	7.59
L	6.69	10.03	8.75	10.16	9.93	9.59	8.19	9.36	9.14	6.08		10.03	6.08	7.32	8.46	8.19	7.29	7.93	7.32	6.08	8.24
A		10.03	8.19	9.59	9.93	9.59	7.29	8.46	9.14	6.69	6.69	10.03	6.69	8.83	7.85	7.29	7.29	8.83	8.83	6.69	8.31
Q	4.73	4.99	3.99	5.09	7.06	4.48		5.6	4.99	5.63	5.63	5.6	5.63	7.03	5.6	4.6	3.99	7.03	6.13	4.73	5.4
V	4.75	7.2	6.25	8.22	7.99	7.66	5.35	7.42	7.2	4.14	4.14	7.2	4.14	5.38	6.52	6.25	5.35	5.99	5.99		6.17
G	5.47	7.0	5.15	5.88	8.6	5.88	5.15		6.1	6.36	6.36	7.0	6.36	8.79	6.52	5.15	5.15	8.79	8.22	6.36	6.54
D	14.53	13.0	12.39		14.47	11.64	13.0	13.0	13.0	15.09	15.09	13.9	15.09	16.05	13.9	13.0	13.0	16.05	16.05	15.09	14.07
S	4.73	6.5	3.99	5.09	6.5	5.09	4.6	5.6	5.6	5.63	5.63	6.5	5.63	7.59	5.6		4.6	7.59	7.03	5.63	5.74
M	7.51	9.95	9.0	10.98	10.74	10.41	9.0	10.18	9.95	6.9	6.9	9.95		8.14	9.28	9.0	8.11	8.75	8.14	6.9	8.94
D	9.88	8.35	7.74		9.82	6.99	8.35	8.35	8.35	10.45	10.45	9.25	10.45	11.4	9.25	8.35	8.35	11.4	11.4	10.45	9.42
R	13.47		11.34	11.82	13.75	11.82	10.73	13.18	10.43	12.57	13.47	10.43	12.57	11.82	13.18	12.24	11.34	12.71	11.82	12.57	12.17
S	8.0	9.77	7.27	8.36	9.77	8.36	7.88	8.87	8.87	8.9	8.9	9.77	8.9	10.87	8.87		7.88	10.87	10.3	8.9	9.02
I	3.64	6.08	5.13	7.11	6.87	6.54	5.13	6.3	6.08		3.03	6.98	3.03	4.26	5.41	5.13	4.23	4.87	4.26	3.03	5.11
P	1.99	4.13	2.29	3.92	5.73	3.02	2.29	3.66	3.23	2.6	2.6	4.13	2.6	5.36		2.29	1.68	5.36	5.36	2.6	3.41
P	5.8	7.94	6.1	7.73	9.55	6.83	6.1	7.47	7.05	6.41	6.41	7.94	6.41	9.17		6.1	5.49	9.17	9.17	6.41	7.22
G	4.39	5.92	4.08	4.81	7.53	4.81	4.08		5.02	5.29	5.29	5.92	5.29	7.72	5.45	4.08	4.08	7.72	7.15	5.29	5.47
L	7.51	10.85	9.57	10.98	10.74	10.41	9.0	10.18	9.95	6.9		10.85	6.9	8.14	9.28	9.0	8.11	8.75	8.14	6.9	9.06
V	5.49	7.93	6.98	8.96	8.72	8.39	6.08	8.16	7.93	4.88	4.88	7.93	4.88	6.11	7.26	6.98	6.08	6.72	6.72		6.9
N	6.36	6.33		5.21	7.23	5.21	4.73	6.33	6.33	6.36	6.93	6.33	6.36	8.33	6.33	4.73	5.34	8.33	7.76	6.36	6.36
G	4.39	5.92	4.08	4.81	7.53	4.81	4.08		5.02	5.29	5.29	5.92	5.29	7.72	5.45	4.08	4.08	7.72	7.15	5.29	5.47
L	3.55	6.89	5.61	7.02	6.78	6.45	5.04	6.22	5.99	2.94		6.89	2.94	4.17	5.32	5.04	4.14	4.79	4.17	2.94	5.1
A		6.89	5.04	6.45	6.78	6.45	4.14	5.32	5.99	3.55	3.55	6.89	3.55	5.68	4.71	4.14	4.14	5.68	5.68	3.55	5.17
L	3.55	6.89	5.61	7.02	6.78	6.45	5.04	6.22	5.99	2.94		6.89	2.94	4.17	5.32	5.04	4.14	4.79	4.17	2.94	5.1
Q	3.53	3.78	2.79	3.88	5.86	3.27		4.39	3.78	4.42	4.42	4.39	4.42	5.82	4.39	3.4	2.79	5.82	4.92	3.53	4.19
L	3.55	6.89	5.61	7.02	6.78	6.45	5.04	6.22	5.99	2.94		6.89	2.94	4.17	5.32	5.04	4.14	4.79	4.17	2.94	5.1
R	6.04		3.92	4.39	6.32	4.39	3.3	5.76	3.01	5.14	6.04	3.01	5.14	4.39	5.76	4.81	3.92	5.29	4.39	5.14	4.75
N	2.63	2.6		1.48	3.5	1.48	1.0	2.6	2.6	2.63	3.2	2.6	2.63	4.6	2.6	1.0	1.61	4.6	4.03	2.63	2.63
T	3.42	4.29	3.29	3.78	5.19	3.78	2.68	4.29	3.68	3.42	3.42	4.29	3.42	5.72	3.68	3.29		5.72	4.82	3.42	3.98
S	3.42	5.19	2.68	3.78	5.19	3.78	3.29	4.29	4.29	4.32	4.32	5.19	4.32	6.29	4.29		3.29	6.29	5.72	4.32	4.43
R	7.06		4.93	5.41	7.34	5.41	4.32	6.77	4.02	6.16	7.06	4.02	6.16	5.41	6.77	5.83	4.93	6.3	5.41	6.16	5.76
S	1.73	3.5	1.0	2.09	3.5	2.09	1.61	2.6	2.6	2.63	2.63	3.5	2.63	4.6	2.6		1.61	4.6	4.03	2.63	2.75
E	5.92	4.39	3.78	3.03	5.86		3.78	4.39	3.78	5.92	5.92	4.39	5.92	6.88	4.39	4.39	4.39	7.44	6.88	5.92	5.12
E	6.84	5.32	4.71	3.95	6.78		4.71	5.32	4.71	6.84	6.84	5.32	6.84	7.8	5.32	5.32	5.32	8.37	7.8	6.84	6.05
D	5.92	4.39	3.78		5.86	3.03	4.39	4.39	4.39	6.49	6.49	5.29	6.49	7.44	5.29	4.39	4.39	7.44	7.44	6.49	5.46
R	6.04		3.92	4.39	6.32	4.39	3.3	5.76	3.01	5.14	6.04	3.01	5.14	4.39	5.76	4.81	3.92	5.29	4.39	5.14	4.75
N	4.42	4.39		3.27	5.29	3.27	2.79	4.39	4.39	4.42	4.99	4.39	4.42	6.39	4.39	2.79	3.4	6.39	5.82	4.42	4.42
R	7.25		5.12	5.6	7.53	5.6	4.51	6.96	4.21	6.35	7.25	4.21	6.35	5.6	6.96	6.02	5.12	6.5	5.6	6.35	5.95
D	5.92	4.39	3.78		5.86	3.03	4.39	4.39	4.39	6.49	6.49	5.29	6.49	7.44	5.29	4.39	4.39	7.44	7.44	6.49	5.46
L	3.55	6.89	5.61	7.02	6.78	6.45	5.04	6.22	5.99	2.94		6.89	2.94	4.17	5.32	5.04	4.14	4.79	4.17	2.94	5.1
A		6.89	5.04	6.45	6.78	6.45	4.14	5.32	5.99	3.55	3.55	6.89	3.55	5.68	4.71	4.14	4.14	5.68	5.68	3.55	5.17
T	4.73	5.6	4.6	5.09	6.5	5.09	3.99	5.6	4.99	4.73	4.73	5.6	4.73	7.03	4.99	4.6		7.03	6.13	4.73	5.29
A		8.1	6.25	7.66	7.99	7.66	5.35	6.52	7.2	4.75	4.75	8.1	4.75	6.89	5.91	5.35	5.35	6.89	6.89	4.75	6.37
L	4.75	8.1	6.82	8.22	7.99	7.66	6.25	7.42	7.2	4.14		8.1	4.14	5.38	6.52	6.25	5.35	5.99	5.38	4.14	6.31
E	7.12	5.6	4.99	4.23	7.06		4.99	5.6	4.99	7.12	7.12	5.6	7.12	8.08	5.6	5.6	5.6	8.65	8.08	7.12	6.33
Q	4.73	4.99	3.99	5.09	7.06	4.48		5.6	4.99	5.63	5.63	5.6	5.63	7.03	5.6	4.6	3.99	7.03	6.13	4.73	5.4
L	3.55	6.89	5.61	7.02	6.78	6.45	5.04	6.22	5.99	2.94		6.89	2.94	4.17	5.32	5.04	4.14	4.79	4.17	2.94	5.1
L	3.55	6.89	5.61	7.02	6.78	6.45	5.04	6.22	5.99	2.94		6.89	2.94	4.17	5.32	5.04	4.14	4.79	4.17	2.94	5.1
Q	3.53	3.78	2.79	3.88	5.86	3.27		4.39	3.78	4.42	4.42	4.39	4.42	5.82	4.39	3.4	2.79	5.82	4.92	3.53	4.19
A		8.83	6.98	8.39	8.72	8.39	6.08	7.26	7.93	5.49	5.49	8.83	5.49	7.62	6.65	6.08	6.08	7.62	7.62	5.49	7.11
Y	3.5	3.51	4.92	5.95	5.43	5.39	4.02	4.86	3.51	1.99	1.99	3.51	1.99	1.99	4.86	4.92	4.02	1.99		2.6	3.73
P	-0.79	1.35	-0.5	1.13	2.95	0.24	-0.5	0.87	0.45	-0.18	-0.18	1.35	-0.18	2.57		-0.5	-1.11	2.57	2.57	-0.18	0.63
R	2.88		0.75	1.23	3.16	1.23	0.14	2.59	-0.16	1.98	2.88	-0.16	1.98	1.23	2.59	1.65	0.75	2.12	1.23	1.98	1.58
D	10.55	9.02	8.41		10.49	7.66	9.02	9.02	9.02	11.11	11.11	9.92	11.11	12.07	9.92	9.02	9.02	12.07	12.07	11.11	10.09
M	3.64	6.08	5.13	7.11	6.87	6.54	5.13	6.3	6.08	3.03	3.03	6.08		4.26	5.41	5.13	4.23	4.87	4.26	3.03	5.06
E	5.33	3.81	3.2	2.44	5.27		3.2	3.81	3.2	5.33	5.33	3.81	5.33	6.29	3.81	3.81	3.81	6.86	6.29	5.33	4.54
K	7.25	4.21	5.12	6.5	7.53	5.6	5.12	6.96	4.21	7.25	7.25		6.35	6.5	6.96	6.02	5.12	6.5	5.6	6.35	6.13
E	7.12	5.6	4.99	4.23	7.06		4.99	5.6	4.99	7.12	7.12	5.6	7.12	8.08	5.6	5.6	5.6	8.65	8.08	7.12	6.33
K	8.17	5.13	6.04	7.42	8.45	6.52	6.04	7.88	5.13	8.17	8.17		7.27	7.42	7.88	6.94	6.04	7.42	6.52	7.27	7.05
T	4.73	5.6	4.6	5.09	6.5	5.09	3.99	5.6	4.99	4.73	4.73	5.6	4.73	7.03	4.99	4.6		7.03	6.13	4.73	5.29
M	4.75	7.2	6.25	8.22	7.99	7.66	6.25	7.42	7.2	4.14	4.14	7.2		5.38	6.52	6.25	5.35	5.99	5.38	4.14	6.18
L	4.75	8.1	6.82	8.22	7.99	7.66	6.25	7.42	7.2	4.14		8.1	4.14	5.38	6.52	6.25	5.35	5.99	5.38	4.14	6.31
V	4.75	7.2	6.25	8.22	7.99	7.66	5.35	7.42	7.2	4.14	4.14	7.2	4.14	5.38	6.52	6.25	5.35	5.99	5.99		6.17
L	4.75	8.1	6.82	8.22	7.99	7.66	6.25	7.42	7.2	4.14		8.1	4.14	5.38	6.52	6.25	5.35	5.99	5.38	4.14	6.31
A		8.1	6.25	7.66	7.99	7.66	5.35	6.52	7.2	4.75	4.75	8.1	4.75	6.89	5.91	5.35	5.35	6.89	6.89	4.75	6.37
L	4.75	8.1	6.82	8.22	7.99	7.66	6.25	7.42	7.2	4.14		8.1	4.14	5.38	6.52	6.25	5.35	5.99	5.38	4.14	6.31
L	2.68	6.02	4.74	6.15	5.92	5.59	4.18	5.35	5.13	2.07		6.02	2.07	3.31	4.45	4.18	3.28	3.92	3.31	2.07	4.23
L	4.75	8.1	6.82	8.22	7.99	7.66	6.25	7.42	7.2	4.14		8.1	4.14	5.38	6.52	6.25	5.35	5.99	5.38	4.14	6.31
A		8.1	6.25	7.66	7.99	7.66	5.35	6.52	7.2	4.75	4.75	8.1	4.75	6.89	5.91	5.35	5.35	6.89	6.89	4.75	6.37
K	7.25	4.21	5.12	6.5	7.53	5.6	5.12	6.96	4.21	7.25	7.25		6.35	6.5	6.96	6.02	5.12	6.5	5.6	6.35	6.13
K	7.25	4.21	5.12	6.5	7.53	5.6	5.12	6.96	4.21	7.25	7.25		6.35	6.5	6.96	6.02	5.12	6.5	5.6	6.35	6.13
V	1.48	3.92	2.97	4.95	4.71	4.38	2.07	4.15	3.92	0.87	0.87	3.92	0.87	2.1	3.25	2.97	2.07	2.71	2.71		2.89
A		6.89	5.04	6.45	6.78	6.45	4.14	5.32	5.99	3.55	3.55	6.89	3.55	5.68	4.71	4.14	4.14	5.68	5.68	3.55	5.17
S	3.53	5.29	2.79	3.88	5.29	3.88	3.4	4.39	4.39	4.42	4.42	5.29	4.42	6.39	4.39		3.4	6.39	5.82	4.42	4.54
H	5.14	3.01	3.92	4.39	6.32	3.78	3.3	4.86		5.14	5.14	3.01	5.14	4.39	4.86	3.92	3.3	5.29	4.39	5.14	4.44
T	1.73	2.6	1.61	2.09	3.5	2.09	1.0	2.6	1.99	1.73	1.73	2.6	1.73	4.03	1.99	1.61		4.03	3.13	1.73	2.29
P	2.5	4.64	2.8	4.43	6.24	3.53	2.8	4.17	3.74	3.11	3.11	4.64	3.11	5.87		2.8	2.19	5.87	5.87	3.11	3.92
S	2.24	4.01	1.51	2.6	4.01	2.6	2.12	3.11	3.11	3.14	3.14	4.01	3.14	5.11	3.11		2.12	5.11	4.54	3.14	3.26
L	3.64	6.99	5.71	7.11	6.88	6.55	5.14	6.31	6.09	3.03		6.99	3.03	4.27	5.41	5.14	4.24	4.88	4.27	3.03	5.2
L	4.75	8.1	6.82	8.22	7.99	7.66	6.25	7.42	7.2	4.14		8.1	4.14	5.38	6.52	6.25	5.35	5.99	5.38	4.14	6.31
R	6.97		4.84	5.32	7.25	5.32	4.23	6.68	3.93	6.07	6.97	3.93	6.07	5.32	6.68	5.74	4.84	6.22	5.32	6.07	5.67
D	5.92	4.39	3.78		5.86	3.03	4.39	4.39	4.39	6.49	6.49	5.29	6.49	7.44	5.29	4.39	4.39	7.44	7.44	6.49	5.46
V	4.75	7.2	6.25	8.22	7.99	7.66	5.35	7.42	7.2	4.14	4.14	7.2	4.14	5.38	6.52	6.25	5.35	5.99	5.99		6.17
F	6.5	6.5	8.48	8.95	8.43	8.38	7.91	8.43	6.5	4.99	4.99	7.4	4.99		7.86	8.48	7.91	4.99	4.99	4.99	6.93
H	6.35	4.21	5.12	5.6	7.53	4.99	4.51	6.06		6.35	6.35	4.21	6.35	5.6	6.06	5.12	4.51	6.5	5.6	6.35	5.65
T	3.53	4.39	3.4	3.88	5.29	3.88	2.79	4.39	3.78	3.53	3.53	4.39	3.53	5.82	3.78	3.4		5.82	4.92	3.53	4.08
T	4.73	5.6	4.6	5.09	6.5	5.09	3.99	5.6	4.99	4.73	4.73	5.6	4.73	7.03	4.99	4.6		7.03	6.13	4.73	5.29
V	4.75	7.2	6.25	8.22	7.99	7.66	5.35	7.42	7.2	4.14	4.14	7.2	4.14	5.38	6.52	6.25	5.35	5.99	5.99		6.17
N	5.63	5.6		4.48	6.5	4.48	3.99	5.6	5.6	5.63	6.2	5.6	5.63	7.59	5.6	3.99	4.6	7.59	7.03	5.63	5.63
F	6.5	6.5	8.48	8.95	8.43	8.38	7.91	8.43	6.5	4.99	4.99	7.4	4.99		7.86	8.48	7.91	4.99	4.99	4.99	6.93
I	2.68	5.13	4.18	6.15	5.92	5.59	4.18	5.35	5.13		2.07	6.02	2.07	3.31	4.45	4.18	3.28	3.92	3.31	2.07	4.16
N	5.63	5.6		4.48	6.5	4.48	3.99	5.6	5.6	5.63	6.2	5.6	5.63	7.59	5.6	3.99	4.6	7.59	7.03	5.63	5.63
Q	4.73	4.99	3.99	5.09	7.06	4.48		5.6	4.99	5.63	5.63	5.6	5.63	7.03	5.6	4.6	3.99	7.03	6.13	4.73	5.4
N	4.42	4.39		3.27	5.29	3.27	2.79	4.39	4.39	4.42	4.99	4.39	4.42	6.39	4.39	2.79	3.4	6.39	5.82	4.42	4.42
L	4.84	8.18	6.9	8.31	8.08	7.74	6.34	7.51	7.29	4.23		8.18	4.23	5.47	6.61	6.34	5.44	6.08	5.47	4.23	6.39
R	8.17		6.04	6.52	8.45	6.52	5.43	7.88	5.13	7.27	8.17	5.13	7.27	6.52	7.88	6.94	6.04	7.42	6.52	7.27	6.87
T	4.73	5.6	4.6	5.09	6.5	5.09	3.99	5.6	4.99	4.73	4.73	5.6	4.73	7.03	4.99	4.6		7.03	6.13	4.73	5.29
Y	6.5	6.5	7.91	8.95	8.43	8.38	7.02	7.86	6.5	4.99	4.99	6.5	4.99	4.99	7.86	7.91	7.02	4.99		5.6	6.73
V	4.75	7.2	6.25	8.22	7.99	7.66	5.35	7.42	7.2	4.14	4.14	7.2	4.14	5.38	6.52	6.25	5.35	5.99	5.99		6.17
R	8.17		6.04	6.52	8.45	6.52	5.43	7.88	5.13	7.27	8.17	5.13	7.27	6.52	7.88	6.94	6.04	7.42	6.52	7.27	6.87
S	4.73	6.5	3.99	5.09	6.5	5.09	4.6	5.6	5.6	5.63	5.63	6.5	5.63	7.59	5.6		4.6	7.59	7.03	5.63	5.74
L	4.75	8.1	6.82	8.22	7.99	7.66	6.25	7.42	7.2	4.14		8.1	4.14	5.38	6.52	6.25	5.35	5.99	5.38	4.14	6.31
A		6.89	5.04	6.45	6.78	6.45	4.14	5.32	5.99	3.55	3.55	6.89	3.55	5.68	4.71	4.14	4.14	5.68	5.68	3.55	5.17
R	6.04		3.92	4.39	6.32	4.39	3.3	5.76	3.01	5.14	6.04	3.01	5.14	4.39	5.76	4.81	3.92	5.29	4.39	5.14	4.75
N	4.42	4.39		3.27	5.29	3.27	2.79	4.39	4.39	4.42	4.99	4.39	4.42	6.39	4.39	2.79	3.4	6.39	5.82	4.42	4.42
G	2.6	4.13	2.29	3.02	5.73	3.02	2.29		3.23	3.5	3.5	4.13	3.5	5.93	3.66	2.29	2.29	5.93	5.36	3.5	3.68
M	0.38	2.82	1.88	3.85	3.62	3.28	1.88	3.05	2.82	-0.23	-0.23	2.82		1.01	2.15	1.88	0.98	1.62	1.01	-0.23	1.81
D	0.7	-0.83	-1.44		0.64	-2.19	-0.83	-0.83	-0.83	1.26	1.26	0.07	1.26	2.22	0.07	-0.83	-0.83	2.22	2.22	1.26	0.24
